house
[0.7284174745387699, 0.8992291348826581, 0.9112394921730316, 0.8951136539121692, 0.8946774883811102] [2.827288148790337, 2.547666602722225, 2.062133156705111, 2.261219349476124, 2.1560975242083695] [4.70261003324712, 3.1557759004301937, 2.7250093295118707, 2.946158329712567, 3.1278309432387164]
mean_r2 0.8657354487775478 mean_mae 2.3708809563804336 mean_rmse 3.331476907228093

winequality-white
[0.4207088251417216, 0.48279022395322635, 0.439480459773532, 0.4324801358292558, 0.4719430474726133] [0.5259985645898891, 0.46100083049314716, 0.5050999264356965, 0.5025435345152287, 0.484941353143286] [0.7145447760807746, 0.628725301372284, 0.6596185119751949, 0.6838542942288961, 0.6505314226179043]
mean_r2 0.4494805384340698 mean_mae 0.49591684183544943 mean_rmse 0.6674548612550107

red
[0.34042607028151384, 0.37089518148990563, 0.3665499894351023, 0.47053868110353503, 0.4908011771780991] [0.4787450498247683, 0.4558640106043354, 0.488760145568234, 0.4214811268093003, 0.42859757829489364] [0.6144756383756834, 0.5982436957910756, 0.6190565970543435, 0.5624344014708457, 0.5711396705058458]
mean_r2 0.40784221989763125 mean_mae 0.4546895822203063 mean_rmse 0.5930700006395588

online
[0.027477360029665054, 0.033941906018354895, 0.013237179133952615, 0.018708822796052016, 0.01226645805999782] [3014.2224315998587, 2897.8978652298306, 3115.8723342408057, 3026.124308069339, 3091.6019085347943] [8603.089858265495, 8258.57364818335, 15619.01261540922, 12085.811117969379, 13440.454751415056]
mean_r2 0.02112634520760448 mean_mae 3029.1437695349255 mean_rmse 11601.3883982485